xlabel: ステップ
xgap: 100
xmax: 500
ylabel: レジリエンスゲイン
ygap: 10
ymax: 200
ytarget: 188

# RG
  50 58.540000 4.175136
 100 64.320000 3.619326
 150 67.880000 5.802109
 200 73.900000 2.293113
 250 80.340000 3.403242
 300 87.050000 4.971373
 350 91.990000 4.179627
 400 97.710000 5.100182
 450 103.700000 5.020426
 500 108.390000 4.515987

# Coverage
  50 0.237540 0.032385
 100 0.381850 0.024808
 150 0.486480 0.020529
 200 0.565290 0.024745
 250 0.626230 0.020375
 300 0.674380 0.018882
 350 0.713940 0.014979
 400 0.746750 0.011383
 450 0.773590 0.010973
 500 0.798260 0.009959